


=== rcno: 3, nData: 186, year: 6, train_course: 0, model: 0 ===
6,11,12,1,4,9

6,11,12, ss: 5000
6,12,11, ss: 2000
11,6,12, ss: 2000
11,12,6, ss: 2000


=== rcno: 3, nData: 186, year: 6, train_course: 0, model: 1 ===
6,12,11,1,5,10

6,12,11, ss: 5000
6,11,12, ss: 2000
12,6,11, ss: 2000
12,11,6, ss: 2000


=== rcno: 3, nData: 186, year: 6, train_course: 0, model: 2 ===
11,6,12,1,4,9

11,6,12, ss: 5000
11,12,6, ss: 2000
6,11,12, ss: 2000
6,12,11, ss: 2000


=== rcno: 3, nData: 186, year: 6, train_course: 0, model: 3 ===
6,11,12,1,4,5

6,11,12, ss: 5000
6,12,11, ss: 2000
11,6,12, ss: 2000
11,12,6, ss: 2000